민준	1	36,917
서준	2	31,992
예준	3	26,491
도윤	4	25,456
시우	5	23,926
주원	6	23,889
지호	7	22,107
하준	8	22,074
지후	9	22,046
준서	10	21,493
준우	11	20,450
현우	12	20,328
지훈	13	19,828
도현	14	19,279
건우	15	19,223
우진	16	18,409
민재	17	16,049
현준	18	15,996
선우	19	15,739
서진	20	15,527
연우	21	14,543
정우	22	14,060
유준	23	13,802
승현	24	13,193
준혁	25	13,128
승우	26	12,976
지환	27	12,900
시윤	28	12,330
승민	29	12,151
지우	30	11,714
유찬	31	11,680
민성	32	11,547
준영	33	11,300
은우	34	11,244
진우	35	10,832
시후	36	10,817
윤우	37	10,645
지원	38	10,642
수현	39	10,413
동현	40	9,216
재윤	41	8,965
시현	42	8,828
민규	43	8,797
태윤	44	8,668
재원	45	8,577
민우	46	8,526
재민	47	8,445
은찬	48	8,300
한결	49	8,277
시원	50	8,144
윤호	51	8,122
민찬	52	8,051
수호	53	7,918
성민	54	7,710
준호	55	7,508
성현	56	7,497
승준	57	7,483
현서	58	7,307
시온	59	7,205
재현	60	7,174
지안	61	7,068
지성	62	6,990
태민	63	6,967
태현	64	6,938
예성	65	6,912
민혁	66	6,910
하율	67	6,862
민호	68	6,846
우빈	69	6,803
성준	70	6,697
지율	71	6,694
이준	72	6,664
정민	73	6,573
지한	74	6,561
규민	75	6,492
윤성	76	6,407
지민	77	6,303
이안	78	6,284
서우	79	6,271
준	80	6,252
민석	81	6,244
은호	82	6,178
준수	83	6,166
윤재	84	6,064
율	85	6,006
은성	85	6,006
예찬	87	5,990
하람	88	5,939
태양	89	5,872
준희	90	5,824
하진	91	5,731
준성	92	5,575
도훈	93	5,570
현수	94	5,486
승원	95	5,413
건	96	5,358
정현	97	5,343
지완	98	5,332
강민	99	5,285
하민	100	5,200
서연	1	34,377
서윤	2	32,555
지우	3	28,482
서현	4	28,089
민서	5	27,176
하은	6	25,229
하윤	7	23,875
윤서	8	22,755
지민	9	22,131
지유	10	21,402
채원	11	21,241
지윤	12	20,140
은서	13	20,094
수아	14	19,297
다은	15	19,114
예은	16	18,841
수빈	17	18,121
지아	18	17,144
소율	19	16,972
예원	20	16,897
지원	21	16,590
예린	22	16,464
소윤	23	15,828
유진	24	14,668
시은	25	14,590
지안	26	14,139
채은	27	13,920
하린	28	13,825
가은	29	13,767
서영	30	13,603
민지	31	13,465
윤아	32	13,464
예진	33	13,145
유나	34	13,082
수민	35	12,874
수연	36	12,568
연우	37	12,192
예서	38	11,545
예나	39	11,507
시연	40	11,423
주아	41	11,383
서아	42	11,129
연서	43	11,039
현서	44	10,494
다연	45	10,462
하율	46	10,382
다인	47	10,375
아인	48	10,116
서은	49	10,053
서진	50	9,869
유빈	51	9,809
하연	52	9,705
수현	53	9,678
채윤	54	9,634
유주	55	9,575
시아	56	9,513
서율	57	9,478
지율	58	9,413
예지	59	9,372
서우	60	9,317
나윤	61	9,163
다현	62	9,043
아린	63	8,947
민주	64	8,774
지은	65	8,649
나연	66	8,507
윤지	67	8,489
시현	68	8,433
소은	69	8,424
예빈	70	8,386
지현	71	8,326
소연	72	8,299
사랑	73	8,278
혜원	74	7,946
지수	75	7,826
서하	76	7,787
은채	77	7,786
주하	78	7,643
나은	79	7,585
승아	80	7,386
아윤	81	7,254
서희	82	7,091
나현	83	7,038
소민	84	6,993
민아	85	6,992
채아	86	6,925
세은	87	6,912
채린	87	6,912
다윤	89	6,877
하영	90	6,851
도연	91	6,796
규리	92	6,751
아영	93	6,745
지연	94	6,504
세아	95	6,459
예림	96	6,452
가윤	97	6,380
태희	98	6,253
민채	99	6,218
유정	100	6,161