ц╩©Нх©юз╣©( ТХЙёЭЬМ╜тв ) 13,769 2.57 5,658 22 96 19
╩ГаВ╣© ( чДРцтв ) 9,695 1.23 4,399 16 68 18
╩Оц╩╣© ( ъ╡ТХтв ) 2,903 1.49 1,403 10 48 13
╨н╬о╣© ( эУДштв ) 10,616 2.27 4,371 18 98 15
фРц╒╣© ( ЬаСзтв ) 19,290 8.87 7,537 19 150 17
╧╚╬г╣© ( ыЛД©тв ) 8,453 0.36 3,056 12 77 15
╠ЁЁ╡╣© ( нИяУтв ) 4,679 0.35 2,268 18 109 14
╟║х╦╣© ( й╘ЭЕтв ) 4,635 0.54 2,131 11 62 15
а╬ ╥н 1 ║╓ 2 ║╓ 3 ║╓ 4 ╟║ ╣© ( Яё жь 1 ║╓ 2 ║╓ 3 ║╓ 4 й╤ тв ) 7,741 2.35 5,384 21 67 22
а╬ ╥н 5 ║╓ 6 ╟║ ╣© ( Яё жь 5 ║╓ 6 й╤ тв ) 5,496 0.60 3,170 15 59 18
юлх╜╣© ( Л╠Эётв ) 8,436 0.78 4,443 14 92 16
гЩх╜╣© ( ШЁШЫтв ) 17,735 1.12 9,292 29 198 21
ц╒╫еа╕ 1 ╣© ( СЦЦАП╞ 1 тв ) 5,744 0.31 3,132 13 68 17
ц╒╫еа╕ 2 ╣© ( СЦЦАП╞ 2 тв ) 9,545 0.26 4,391 19 106 21
ц╒╫еа╕ 3 ╣© ( СЦЦАП╞ 3 тв ) 7,560 0.23 2,894 14 83 13
╪Чюна╕ 1 ╣© ( БЩЛрП╞ 1 тв ) 6,761 0.23 3,062 11 66 15
╪Чюна╕ 2 ╣© ( БЩЛрП╞ 2 тв ) 9,679 0.35 5,527 16 80 16 

╪р╟Ь╣© ( АЁмКтв ) 1,931 0.95 989 6 33 15
х╦гЖ╣© ( ЭЕЗГтв ) 5,481 0.84 3,372 16 98 15
╦М ╣© ( ы╔ тв ) 3,007 0.99 1,440 14 65 15
гй ╣© ( Ы╤ тв ) 4,210 1.14 2,301 12 65 14
юЕцФ╣© ( МА УВ тв ) 4,970 1.36 2,723 9 48 14
╠╓хЯ╣© ( нцЩВтв ) 5,105 0.74 2,947 16 114 14
ю╩аЖ╥н╣© ( КЮЯЩжьтв ) 1,694 0.60 1,205 10 54 14
╫е╢Г╣© ( ЦФсятв ) 7,861 0.55 4,219 17 90 14
╢ы╩Й╣© ( рЧъётв ) 15,342 0.51 6,930 20 125 15
╬Ю╪Ж╣© ( Е╥Б╘тв ) 18,487 0.48 7,845 31 201 15
ц╩╠╦╣© ( ТЛнЬтв ) 15,011 0.34 6,472 20 165 14
╫е╢Га╕ 5 ╣© ( ЦФсяП╞ 5 тв ) 9,797 0.39 4,583 20 126 14
╣©х╜╣© ( ттШЫтв ) 11,477 0.26 4,315 18 118 14
х╡гп╣© ( ЭэЫмтв ) 12,269 0.33 6,099 26 157 14
аъ╦╡╣© ( ЯИвЫтв ) 8,607 0.48 4,211 20 153 15 

хд╬о╣© ( Щ╖Дштв ) 18,752 0.86 8,665 23 179 17
©К ╩Й 2 ╟║ ╣© ( Ил ъё 2 й╤ тв ) 11,371 1.96 5,628 20 127 14
Ё╡©╣╣© ( яУГ╫тв ) 8,064 1.19 5,452 13 94 15
ц╩фд╣© ( ТЛВГтв ) 21,039 0.91 10,697 31 247 19
©Ьх©╥на╕ 1 ╣© ( Й╙ЭШжьП╞ 1 тв ) 14,129 0.59 6,581 20 126 14
©Ьх©╥на╕ 2 ╣© ( Й╙ЭШжьП╞ 2 тв ) 15,355 0.71 6,047 22 148 14 
х©ц╒╣© ( ЭЬСЦтв ) 9,426 0.44 3,799 13 103 14
©К╧╝╣© ( Илз╕тв ) 12,710 0.28 5,221 17 121 14
гя╟╜╥н╣© ( Ыск╟жьтв ) 14,899 2.90 7,659 35 211 19
юлцла╕ 1 ╣© ( ЛёУ╫П╞ 1 тв ) 27,880 2.86 10,050 33 248 16
юлцла╕ 2 ╣© ( ЛёУ╫П╞ 2 тв ) 9,290 1.22 3,888 14 96 14
юлеб©Ьа╕ 1 ╣© ( Л╠ВаЙбП╞ 1 тв ) 7,326 0.57 3,951 15 102 14
юлеб©Ьа╕ 2 ╣© ( Л╠ВаЙбП╞ 2 тв ) 9,596 0.86 4,870 17 131 14
гяЁ╡╣© ( ЫсяУтв ) 20,771 3.01 10,795 38 284 19
╪╜╨Ы╟М╣© ( Ю╓ч╪м╥тв ) 13,827 2.80 5,292 15 137 14
╨╦╠╓╣© ( эенцтв ) 15,806 0.71 8,012 25 198 17 

©у╫й╦╝╣╣╪╠╣© ( ХыД╗вЛтЁЮртв ) 22,461 0.72 9,276 36 266 18
©у╫й╦╝а╕ 2 ╣© ( ХыД╗вЛП╞ 2 тв ) 16,575 0.41 6,922 25 212 18
╦╤юЕ╣© ( ь╘Мчтв ) 23,816 1.06 10,271 35 274 23
╩Г╠ы╣© ( ччпетв ) 11,187 1.11 6,429 22 170 17
гЮ╢Га╕ 1 ╣© ( З╨сяП╞ 1 тв ) 14,255 0.59 6,283 26 205 19
гЮ╢Га╕ 2 ╣© ( З╨сяП╞ 2 тв ) 25,647 0.42 9,341 27 160 20
юю╨ю╣© ( КМэХтв ) 16,854 0.57 6,255 21 179 16
╠щ хё 1 ╟║ ╣© ( яя Ши 1 й╤ тв ) 13,340 0.46 5,339 27 201 22